SalesPersonID	SalesQuota	SalesYTD	SalesLastYear	TotalDueSP	OrderPrice
285	NULL	172524.4512	0.00	8042819.8509	178307.0195
287	NULL	519905.932	0.00	27128771.8885	738252.5703
274	NULL	559697.5639	0.00	45434065.9683	1111762.0045
280	250000.00	1352577.1325	1927059.178	114511107.8421	3339713.6269
286	250000.00	1421810.9242	2278548.9776	44494565.2461	1444562.4024
278	250000.00	1453719.4653	1620276.8966	102841549.2822	3631749.8491
283	250000.00	1573012.9383	1371635.3158	123090545.2713	3756861.6175
284	300000.00	1576562.1966	0.00	71701333.1427	2327938.4122
288	250000.00	1827066.7118	1307949.7917	78261325.615	1854330.6319
279	300000.00	2315185.611	1849640.9418	201612866.2556	7209088.6816
281	250000.00	2458535.6169	2073505.9999	225255391.3744	6503523.1267
282	250000.00	2604540.7172	2038234.6549	206045854.0384	5964521.6115
290	250000.00	3121616.3202	2396539.7601	190218560.7085	4548982.4853
277	250000.00	3189418.3662	1997186.2037	347868654.9495	10095040.7772
275	300000.00	3763178.1787	1750406.4785	327853784.276	9324137.1594
289	250000.00	4116871.2277	1635823.3967	366037331.2842	8541814.3182
276	250000.00	4251368.5497	1439156.0291	381125560.6115	10444625.7985
